(kicad_pcb (version 20171130) (host pcbnew "(5.0.1)-3")

  (general
    (thickness 1.6)
    (drawings 13)
    (tracks 1006)
    (zones 0)
    (modules 102)
    (nets 67)
  )

  (page A3)
  (layers
    (0 F.Cu signal)
    (31 B.Cu signal)
    (32 B.Adhes user)
    (33 F.Adhes user)
    (34 B.Paste user)
    (35 F.Paste user)
    (36 B.SilkS user)
    (37 F.SilkS user)
    (38 B.Mask user)
    (39 F.Mask user)
    (40 Dwgs.User user)
    (41 Cmts.User user)
    (42 Eco1.User user)
    (43 Eco2.User user)
    (44 Edge.Cuts user)
    (45 Margin user)
    (46 B.CrtYd user)
    (47 F.CrtYd user)
    (48 B.Fab user)
    (49 F.Fab user)
  )

  (setup
    (last_trace_width 0.6)
    (trace_clearance 0.3048)
    (zone_clearance 0.508)
    (zone_45_only no)
    (trace_min 0.2)
    (segment_width 0.381)
    (edge_width 0.381)
    (via_size 0.6096)
    (via_drill 0.508)
    (via_min_size 0.4)
    (via_min_drill 0.3)
    (uvia_size 0.508)
    (uvia_drill 0.127)
    (uvias_allowed no)
    (uvia_min_size 0.2)
    (uvia_min_drill 0.1)
    (pcb_text_width 0.3)
    (pcb_text_size 1.5 1.5)
    (mod_edge_width 0.15)
    (mod_text_size 1 1)
    (mod_text_width 0.15)
    (pad_size 6.3754 6.3754)
    (pad_drill 6.3754)
    (pad_to_mask_clearance 0.051)
    (solder_mask_min_width 0.25)
    (aux_axis_origin 0 0)
    (visible_elements 7FFFFFFF)
    (pcbplotparams
      (layerselection 0x010f0_ffffffff)
      (usegerberextensions false)
      (usegerberattributes false)
      (usegerberadvancedattributes false)
      (creategerberjobfile false)
      (excludeedgelayer true)
      (linewidth 0.100000)
      (plotframeref false)
      (viasonmask false)
      (mode 1)
      (useauxorigin false)
      (hpglpennumber 1)
      (hpglpenspeed 20)
      (hpglpendiameter 15.000000)
      (psnegative false)
      (psa4output false)
      (plotreference true)
      (plotvalue true)
      (plotinvisibletext false)
      (padsonsilk false)
      (subtractmaskfromsilk false)
      (outputformat 1)
      (mirror false)
      (drillshape 0)
      (scaleselection 1)
      (outputdirectory "gerbers/"))
  )

  (net 0 "")
  (net 1 "Net-(D1-Pad2)")
  (net 2 /Col1)
  (net 3 "Net-(D2-Pad2)")
  (net 4 /Col2)
  (net 5 /Col3)
  (net 6 "Net-(D3-Pad2)")
  (net 7 "Net-(D4-Pad2)")
  (net 8 /Col4)
  (net 9 "Net-(D5-Pad2)")
  (net 10 /Col5)
  (net 11 /Col6)
  (net 12 "Net-(D6-Pad2)")
  (net 13 /Col0)
  (net 14 "Net-(D7-Pad2)")
  (net 15 "Net-(D8-Pad2)")
  (net 16 "Net-(D9-Pad2)")
  (net 17 "Net-(D10-Pad2)")
  (net 18 "Net-(D11-Pad2)")
  (net 19 "Net-(D12-Pad2)")
  (net 20 "Net-(D13-Pad2)")
  (net 21 "Net-(D14-Pad2)")
  (net 22 "Net-(D15-Pad2)")
  (net 23 "Net-(D16-Pad2)")
  (net 24 "Net-(D17-Pad2)")
  (net 25 "Net-(D18-Pad2)")
  (net 26 "Net-(D19-Pad2)")
  (net 27 "Net-(D20-Pad2)")
  (net 28 "Net-(D21-Pad2)")
  (net 29 "Net-(D22-Pad2)")
  (net 30 "Net-(D23-Pad2)")
  (net 31 "Net-(D24-Pad2)")
  (net 32 "Net-(D25-Pad2)")
  (net 33 "Net-(D26-Pad2)")
  (net 34 "Net-(D27-Pad2)")
  (net 35 /Col7)
  (net 36 "Net-(D28-Pad2)")
  (net 37 "Net-(D29-Pad2)")
  (net 38 "Net-(D30-Pad2)")
  (net 39 "Net-(D31-Pad2)")
  (net 40 "Net-(D32-Pad2)")
  (net 41 "Net-(D33-Pad2)")
  (net 42 "Net-(D34-Pad2)")
  (net 43 "Net-(D35-Pad2)")
  (net 44 "Net-(D36-Pad2)")
  (net 45 "Net-(D37-Pad2)")
  (net 46 "Net-(D38-Pad2)")
  (net 47 "Net-(D39-Pad2)")
  (net 48 "Net-(D40-Pad2)")
  (net 49 "Net-(D41-Pad2)")
  (net 50 "Net-(D42-Pad2)")
  (net 51 "Net-(D43-Pad2)")
  (net 52 "Net-(D44-Pad2)")
  (net 53 /Row0)
  (net 54 /Row1)
  (net 55 /Row2)
  (net 56 /Row3)
  (net 57 /Row4)
  (net 58 /Row5)
  (net 59 VCC)
  (net 60 SDA)
  (net 61 SCL)
  (net 62 "Net-(U1-Pad1)")
  (net 63 "Net-(U1-Pad2)")
  (net 64 GND)
  (net 65 "Net-(U1-Pad22)")
  (net 66 "Net-(U1-Pad24)")

  (net_class Default "Ceci est la Netclass par défaut."
    (clearance 0.3048)
    (trace_width 0.6)
    (via_dia 0.6096)
    (via_drill 0.508)
    (uvia_dia 0.508)
    (uvia_drill 0.127)
    (add_net /Col0)
    (add_net /Col1)
    (add_net /Col2)
    (add_net /Col3)
    (add_net /Col4)
    (add_net /Col5)
    (add_net /Col6)
    (add_net /Col7)
    (add_net /Row0)
    (add_net /Row1)
    (add_net /Row2)
    (add_net /Row3)
    (add_net /Row4)
    (add_net /Row5)
    (add_net GND)
    (add_net "Net-(D1-Pad2)")
    (add_net "Net-(D10-Pad2)")
    (add_net "Net-(D11-Pad2)")
    (add_net "Net-(D12-Pad2)")
    (add_net "Net-(D13-Pad2)")
    (add_net "Net-(D14-Pad2)")
    (add_net "Net-(D15-Pad2)")
    (add_net "Net-(D16-Pad2)")
    (add_net "Net-(D17-Pad2)")
    (add_net "Net-(D18-Pad2)")
    (add_net "Net-(D19-Pad2)")
    (add_net "Net-(D2-Pad2)")
    (add_net "Net-(D20-Pad2)")
    (add_net "Net-(D21-Pad2)")
    (add_net "Net-(D22-Pad2)")
    (add_net "Net-(D23-Pad2)")
    (add_net "Net-(D24-Pad2)")
    (add_net "Net-(D25-Pad2)")
    (add_net "Net-(D26-Pad2)")
    (add_net "Net-(D27-Pad2)")
    (add_net "Net-(D28-Pad2)")
    (add_net "Net-(D29-Pad2)")
    (add_net "Net-(D3-Pad2)")
    (add_net "Net-(D30-Pad2)")
    (add_net "Net-(D31-Pad2)")
    (add_net "Net-(D32-Pad2)")
    (add_net "Net-(D33-Pad2)")
    (add_net "Net-(D34-Pad2)")
    (add_net "Net-(D35-Pad2)")
    (add_net "Net-(D36-Pad2)")
    (add_net "Net-(D37-Pad2)")
    (add_net "Net-(D38-Pad2)")
    (add_net "Net-(D39-Pad2)")
    (add_net "Net-(D4-Pad2)")
    (add_net "Net-(D40-Pad2)")
    (add_net "Net-(D41-Pad2)")
    (add_net "Net-(D42-Pad2)")
    (add_net "Net-(D43-Pad2)")
    (add_net "Net-(D44-Pad2)")
    (add_net "Net-(D5-Pad2)")
    (add_net "Net-(D6-Pad2)")
    (add_net "Net-(D7-Pad2)")
    (add_net "Net-(D8-Pad2)")
    (add_net "Net-(D9-Pad2)")
    (add_net "Net-(U1-Pad1)")
    (add_net "Net-(U1-Pad2)")
    (add_net "Net-(U1-Pad22)")
    (add_net "Net-(U1-Pad24)")
    (add_net SCL)
    (add_net SDA)
    (add_net VCC)
  )

  (module Keebio-Parts:Diode_Long (layer F.Cu) (tedit 59287378) (tstamp 5C077408)
    (at 157.740021 106.262666 270)
    (path /5BEFD5D9)
    (fp_text reference D15 (at 0 0 270) (layer F.SilkS)
      (effects (font (size 0.8 0.7) (thickness 0.15)))
    )
    (fp_text value D (at 0 0 270) (layer F.SilkS) hide
      (effects (font (size 0.8 0.7) (thickness 0.15)))
    )
    (fp_line (start 1.524 0.762) (end 1.524 -0.762) (layer F.SilkS) (width 0.15))
    (fp_line (start -2.032 0.762) (end 2.032 0.762) (layer F.SilkS) (width 0.15))
    (fp_line (start -2.032 -0.762) (end -2.032 0.762) (layer F.SilkS) (width 0.15))
    (fp_line (start 2.032 -0.762) (end -2.032 -0.762) (layer F.SilkS) (width 0.15))
    (fp_line (start -2.032 -0.762) (end 2.032 -0.762) (layer F.SilkS) (width 0.15))
    (fp_line (start 2.032 0.762) (end 2.032 -0.762) (layer F.SilkS) (width 0.15))
    (pad 2 thru_hole circle (at -4 0 270) (size 2 2) (drill 0.9) (layers *.Cu *.SilkS *.Mask)
      (net 22 "Net-(D15-Pad2)"))
    (pad 1 thru_hole rect (at 4 0 270) (size 2 2) (drill 0.9) (layers *.Cu *.SilkS *.Mask)
      (net 2 /Col1))
    (model Diodes_THT.3dshapes/D_DO-35_SOD27_P10.16mm_Horizontal.wrl
      (offset (xyz 3.936999940872192 0 0))
      (scale (xyz 0.31 0.31 0.31))
      (rotate (xyz 0 0 180))
    )
  )

  (module keyboard_parts:Kailh_MX_Socket_reversible (layer F.Cu) (tedit 5A5EE62D) (tstamp 5BF3BAD0)
    (at 205.76 117.57)
    (path /5BF01120)
    (fp_text reference K25 (at 0 9) (layer F.SilkS) hide
      (effects (font (size 1.524 1.524) (thickness 0.3048)))
    )
    (fp_text value KEYSW (at -5.08 -8.89) (layer F.SilkS) hide
      (effects (font (size 1.524 1.524) (thickness 0.3048)))
    )
    (fp_arc (start -0.865 -0.865) (end -2.54 -0.865) (angle 90) (layer B.SilkS) (width 0.15))
    (fp_line (start 0.865 -2.54) (end -4.865 -2.54) (layer F.SilkS) (width 0.15))
    (fp_line (start 6.135 -0.865) (end 2.54 -0.865) (layer F.SilkS) (width 0.15))
    (fp_line (start 6.135 -5.08) (end 6.135 -0.865) (layer F.SilkS) (width 0.15))
    (fp_arc (start -4.46 -5.08) (end -6.135 -5.08) (angle 90) (layer B.SilkS) (width 0.15))
    (fp_line (start -4.865 -6.75) (end -4.865 -2.54) (layer F.SilkS) (width 0.15))
    (fp_line (start 4.46 -6.755) (end -4.865 -6.755) (layer F.SilkS) (width 0.15))
    (fp_line (start -7.62 -5.62) (end -7.62 -7.62) (layer F.SilkS) (width 0.381))
    (fp_line (start -7.62 7.62) (end -5.62 7.62) (layer F.SilkS) (width 0.381))
    (fp_line (start 7.62 -7.62) (end 7.62 -5.62) (layer F.SilkS) (width 0.381))
    (fp_line (start -7.62 -7.62) (end -5.62 -7.62) (layer F.SilkS) (width 0.381))
    (fp_line (start -6.135 -0.865) (end -2.54 -0.865) (layer B.SilkS) (width 0.15))
    (fp_line (start -6.135 -5.08) (end -6.135 -0.865) (layer B.SilkS) (width 0.15))
    (fp_line (start 4.865 -6.75) (end 4.865 -2.54) (layer B.SilkS) (width 0.15))
    (fp_line (start -4.46 -6.755) (end 4.865 -6.755) (layer B.SilkS) (width 0.15))
    (fp_arc (start 4.46 -5.08) (end 4.46 -6.755) (angle 90) (layer F.SilkS) (width 0.15))
    (fp_arc (start 0.865 -0.865) (end 0.865 -2.54) (angle 90) (layer F.SilkS) (width 0.15))
    (fp_line (start -0.865 -2.54) (end 4.865 -2.54) (layer B.SilkS) (width 0.15))
    (fp_line (start 5.62 7.62) (end 7.62 7.62) (layer F.SilkS) (width 0.381))
    (fp_line (start 7.62 5.62) (end 7.62 7.62) (layer F.SilkS) (width 0.381))
    (fp_line (start 5.62 -7.62) (end 7.62 -7.62) (layer F.SilkS) (width 0.381))
    (fp_line (start -7.62 5.62) (end -7.62 7.62) (layer F.SilkS) (width 0.381))
    (pad 1 smd rect (at 7.36 -2.54) (size 2.55 2.5) (layers F.Cu F.Paste F.Mask)
      (net 32 "Net-(D25-Pad2)"))
    (pad 2 smd rect (at -6.09 -5.08) (size 2.55 2.5) (layers F.Cu F.Paste F.Mask)
      (net 56 /Row3))
    (pad "" np_thru_hole circle (at -2.54 -5.08) (size 2.95 2.95) (drill 2.95) (layers *.Cu *.Mask))
    (pad "" np_thru_hole circle (at 3.81 -2.54) (size 2.95 2.95) (drill 2.95) (layers *.Cu *.Mask))
    (pad 2 smd rect (at 6.09 -5.08) (size 2.55 2.5) (layers B.Cu B.Paste B.Mask)
      (net 56 /Row3))
    (pad "" np_thru_hole circle (at -3.81 -2.54) (size 2.95 2.95) (drill 2.95) (layers *.Cu *.Mask))
    (pad "" np_thru_hole circle (at 2.54 -5.08) (size 2.95 2.95) (drill 2.95) (layers *.Cu *.Mask))
    (pad "" np_thru_hole circle (at 0 0) (size 3.98018 3.98018) (drill 3.98018) (layers *.Cu *.Mask))
    (pad 1 smd rect (at -7.36 -2.54) (size 2.55 2.5) (layers B.Cu B.Paste B.Mask)
      (net 32 "Net-(D25-Pad2)"))
    (model ${KIPRJMOD}/lib/mx1a.pretty/cherrymx.wrl
      (at (xyz 0 0 0))
      (scale (xyz 1 1 1))
      (rotate (xyz 0 0 0))
    )
  )

  (module keyboard_parts:Kailh_MX_Socket_reversible (layer F.Cu) (tedit 5A5EE62D) (tstamp 5BF3BAAE)
    (at 224.81 118.88084)
    (path /5BF01127)
    (fp_text reference K26 (at 0 9) (layer F.SilkS) hide
      (effects (font (size 1.524 1.524) (thickness 0.3048)))
    )
    (fp_text value KEYSW (at -5.08 -8.89) (layer F.SilkS) hide
      (effects (font (size 1.524 1.524) (thickness 0.3048)))
    )
    (fp_line (start -7.62 5.62) (end -7.62 7.62) (layer F.SilkS) (width 0.381))
    (fp_line (start 5.62 -7.62) (end 7.62 -7.62) (layer F.SilkS) (width 0.381))
    (fp_line (start 7.62 5.62) (end 7.62 7.62) (layer F.SilkS) (width 0.381))
    (fp_line (start 5.62 7.62) (end 7.62 7.62) (layer F.SilkS) (width 0.381))
    (fp_line (start -0.865 -2.54) (end 4.865 -2.54) (layer B.SilkS) (width 0.15))
    (fp_arc (start 0.865 -0.865) (end 0.865 -2.54) (angle 90) (layer F.SilkS) (width 0.15))
    (fp_arc (start 4.46 -5.08) (end 4.46 -6.755) (angle 90) (layer F.SilkS) (width 0.15))
    (fp_line (start -4.46 -6.755) (end 4.865 -6.755) (layer B.SilkS) (width 0.15))
    (fp_line (start 4.865 -6.75) (end 4.865 -2.54) (layer B.SilkS) (width 0.15))
    (fp_line (start -6.135 -5.08) (end -6.135 -0.865) (layer B.SilkS) (width 0.15))
    (fp_line (start -6.135 -0.865) (end -2.54 -0.865) (layer B.SilkS) (width 0.15))
    (fp_line (start -7.62 -7.62) (end -5.62 -7.62) (layer F.SilkS) (width 0.381))
    (fp_line (start 7.62 -7.62) (end 7.62 -5.62) (layer F.SilkS) (width 0.381))
    (fp_line (start -7.62 7.62) (end -5.62 7.62) (layer F.SilkS) (width 0.381))
    (fp_line (start -7.62 -5.62) (end -7.62 -7.62) (layer F.SilkS) (width 0.381))
    (fp_line (start 4.46 -6.755) (end -4.865 -6.755) (layer F.SilkS) (width 0.15))
    (fp_line (start -4.865 -6.75) (end -4.865 -2.54) (layer F.SilkS) (width 0.15))
    (fp_arc (start -4.46 -5.08) (end -6.135 -5.08) (angle 90) (layer B.SilkS) (width 0.15))
    (fp_line (start 6.135 -5.08) (end 6.135 -0.865) (layer F.SilkS) (width 0.15))
    (fp_line (start 6.135 -0.865) (end 2.54 -0.865) (layer F.SilkS) (width 0.15))
    (fp_line (start 0.865 -2.54) (end -4.865 -2.54) (layer F.SilkS) (width 0.15))
    (fp_arc (start -0.865 -0.865) (end -2.54 -0.865) (angle 90) (layer B.SilkS) (width 0.15))
    (pad 1 smd rect (at -7.36 -2.54) (size 2.55 2.5) (layers B.Cu B.Paste B.Mask)
      (net 33 "Net-(D26-Pad2)"))
    (pad "" np_thru_hole circle (at 0 0) (size 3.98018 3.98018) (drill 3.98018) (layers *.Cu *.Mask))
    (pad "" np_thru_hole circle (at 2.54 -5.08) (size 2.95 2.95) (drill 2.95) (layers *.Cu *.Mask))
    (pad "" np_thru_hole circle (at -3.81 -2.54) (size 2.95 2.95) (drill 2.95) (layers *.Cu *.Mask))
    (pad 2 smd rect (at 6.09 -5.08) (size 2.55 2.5) (layers B.Cu B.Paste B.Mask)
      (net 56 /Row3))
    (pad "" np_thru_hole circle (at 3.81 -2.54) (size 2.95 2.95) (drill 2.95) (layers *.Cu *.Mask))
    (pad "" np_thru_hole circle (at -2.54 -5.08) (size 2.95 2.95) (drill 2.95) (layers *.Cu *.Mask))
    (pad 2 smd rect (at -6.09 -5.08) (size 2.55 2.5) (layers F.Cu F.Paste F.Mask)
      (net 56 /Row3))
    (pad 1 smd rect (at 7.36 -2.54) (size 2.55 2.5) (layers F.Cu F.Paste F.Mask)
      (net 33 "Net-(D26-Pad2)"))
    (model ${KIPRJMOD}/lib/mx1a.pretty/cherrymx.wrl
      (at (xyz 0 0 0))
      (scale (xyz 1 1 1))
      (rotate (xyz 0 0 0))
    )
  )

  (module keyboard_parts:Kailh_MX_Socket_reversible (layer F.Cu) (tedit 5A5EE62D) (tstamp 5BF3BA8C)
    (at 264.274894 150.896396 65)
    (path /5BF0112E)
    (fp_text reference K27 (at 0 9 65) (layer F.SilkS) hide
      (effects (font (size 1.524 1.524) (thickness 0.3048)))
    )
    (fp_text value KEYSW (at -5.08 -8.89 65) (layer F.SilkS) hide
      (effects (font (size 1.524 1.524) (thickness 0.3048)))
    )
    (fp_arc (start -0.865 -0.865) (end -2.54 -0.865) (angle 90) (layer B.SilkS) (width 0.15))
    (fp_line (start 0.865 -2.54) (end -4.865 -2.54) (layer F.SilkS) (width 0.15))
    (fp_line (start 6.135 -0.865) (end 2.54 -0.865) (layer F.SilkS) (width 0.15))
    (fp_line (start 6.135 -5.08) (end 6.135 -0.865) (layer F.SilkS) (width 0.15))
    (fp_arc (start -4.46 -5.08) (end -6.135 -5.08) (angle 90) (layer B.SilkS) (width 0.15))
    (fp_line (start -4.865 -6.75) (end -4.865 -2.54) (layer F.SilkS) (width 0.15))
    (fp_line (start 4.46 -6.755) (end -4.865 -6.755) (layer F.SilkS) (width 0.15))
    (fp_line (start -7.62 -5.62) (end -7.62 -7.62) (layer F.SilkS) (width 0.381))
    (fp_line (start -7.62 7.62) (end -5.62 7.62) (layer F.SilkS) (width 0.381))
    (fp_line (start 7.62 -7.62) (end 7.62 -5.62) (layer F.SilkS) (width 0.381))
    (fp_line (start -7.62 -7.62) (end -5.62 -7.62) (layer F.SilkS) (width 0.381))
    (fp_line (start -6.135 -0.865) (end -2.54 -0.865) (layer B.SilkS) (width 0.15))
    (fp_line (start -6.135 -5.08) (end -6.135 -0.865) (layer B.SilkS) (width 0.15))
    (fp_line (start 4.865 -6.75) (end 4.865 -2.54) (layer B.SilkS) (width 0.15))
    (fp_line (start -4.46 -6.755) (end 4.865 -6.755) (layer B.SilkS) (width 0.15))
    (fp_arc (start 4.46 -5.08) (end 4.46 -6.755) (angle 90) (layer F.SilkS) (width 0.15))
    (fp_arc (start 0.865 -0.865) (end 0.865 -2.54) (angle 90) (layer F.SilkS) (width 0.15))
    (fp_line (start -0.865 -2.54) (end 4.865 -2.54) (layer B.SilkS) (width 0.15))
    (fp_line (start 5.62 7.62) (end 7.62 7.62) (layer F.SilkS) (width 0.381))
    (fp_line (start 7.62 5.62) (end 7.62 7.62) (layer F.SilkS) (width 0.381))
    (fp_line (start 5.62 -7.62) (end 7.62 -7.62) (layer F.SilkS) (width 0.381))
    (fp_line (start -7.62 5.62) (end -7.62 7.62) (layer F.SilkS) (width 0.381))
    (pad 1 smd rect (at 7.36 -2.54 65) (size 2.55 2.5) (layers F.Cu F.Paste F.Mask)
      (net 34 "Net-(D27-Pad2)"))
    (pad 2 smd rect (at -6.09 -5.08 65) (size 2.55 2.5) (layers F.Cu F.Paste F.Mask)
      (net 56 /Row3))
    (pad "" np_thru_hole circle (at -2.54 -5.08 65) (size 2.95 2.95) (drill 2.95) (layers *.Cu *.Mask))
    (pad "" np_thru_hole circle (at 3.81 -2.54 65) (size 2.95 2.95) (drill 2.95) (layers *.Cu *.Mask))
    (pad 2 smd rect (at 6.09 -5.08 65) (size 2.55 2.5) (layers B.Cu B.Paste B.Mask)
      (net 56 /Row3))
    (pad "" np_thru_hole circle (at -3.81 -2.54 65) (size 2.95 2.95) (drill 2.95) (layers *.Cu *.Mask))
    (pad "" np_thru_hole circle (at 2.54 -5.08 65) (size 2.95 2.95) (drill 2.95) (layers *.Cu *.Mask))
    (pad "" np_thru_hole circle (at 0 0 65) (size 3.98018 3.98018) (drill 3.98018) (layers *.Cu *.Mask))
    (pad 1 smd rect (at -7.36 -2.54 65) (size 2.55 2.5) (layers B.Cu B.Paste B.Mask)
      (net 34 "Net-(D27-Pad2)"))
    (model ${KIPRJMOD}/lib/mx1a.pretty/cherrymx.wrl
      (at (xyz 0 0 0))
      (scale (xyz 1 1 1))
      (rotate (xyz 0 0 0))
    )
  )

  (module keyboard_parts:Kailh_MX_Socket_reversible (layer F.Cu) (tedit 5A5EE62D) (tstamp 5BF3BA6A)
    (at 281.534682 158.946393 245)
    (path /5C111CFC)
    (fp_text reference K28 (at 0 9 245) (layer F.SilkS) hide
      (effects (font (size 1.524 1.524) (thickness 0.3048)))
    )
    (fp_text value KEYSW (at -5.08 -8.89 245) (layer F.SilkS) hide
      (effects (font (size 1.524 1.524) (thickness 0.3048)))
    )
    (fp_line (start -7.62 5.62) (end -7.62 7.62) (layer F.SilkS) (width 0.381))
    (fp_line (start 5.62 -7.62) (end 7.62 -7.62) (layer F.SilkS) (width 0.381))
    (fp_line (start 7.62 5.62) (end 7.62 7.62) (layer F.SilkS) (width 0.381))
    (fp_line (start 5.62 7.62) (end 7.62 7.62) (layer F.SilkS) (width 0.381))
    (fp_line (start -0.865 -2.54) (end 4.865 -2.54) (layer B.SilkS) (width 0.15))
    (fp_arc (start 0.865 -0.865) (end 0.865 -2.54) (angle 90) (layer F.SilkS) (width 0.15))
    (fp_arc (start 4.46 -5.08) (end 4.46 -6.755) (angle 90) (layer F.SilkS) (width 0.15))
    (fp_line (start -4.46 -6.755) (end 4.865 -6.755) (layer B.SilkS) (width 0.15))
    (fp_line (start 4.865 -6.75) (end 4.865 -2.54) (layer B.SilkS) (width 0.15))
    (fp_line (start -6.135 -5.08) (end -6.135 -0.865) (layer B.SilkS) (width 0.15))
    (fp_line (start -6.135 -0.865) (end -2.54 -0.865) (layer B.SilkS) (width 0.15))
    (fp_line (start -7.62 -7.62) (end -5.62 -7.62) (layer F.SilkS) (width 0.381))
    (fp_line (start 7.62 -7.62) (end 7.62 -5.62) (layer F.SilkS) (width 0.381))
    (fp_line (start -7.62 7.62) (end -5.62 7.62) (layer F.SilkS) (width 0.381))
    (fp_line (start -7.62 -5.62) (end -7.62 -7.62) (layer F.SilkS) (width 0.381))
    (fp_line (start 4.46 -6.755) (end -4.865 -6.755) (layer F.SilkS) (width 0.15))
    (fp_line (start -4.865 -6.75) (end -4.865 -2.54) (layer F.SilkS) (width 0.15))
    (fp_arc (start -4.46 -5.08) (end -6.135 -5.08) (angle 90) (layer B.SilkS) (width 0.15))
    (fp_line (start 6.135 -5.08) (end 6.135 -0.865) (layer F.SilkS) (width 0.15))
    (fp_line (start 6.135 -0.865) (end 2.54 -0.865) (layer F.SilkS) (width 0.15))
    (fp_line (start 0.865 -2.54) (end -4.865 -2.54) (layer F.SilkS) (width 0.15))
    (fp_arc (start -0.865 -0.865) (end -2.54 -0.865) (angle 90) (layer B.SilkS) (width 0.15))
    (pad 1 smd rect (at -7.36 -2.54 245) (size 2.55 2.5) (layers B.Cu B.Paste B.Mask)
      (net 36 "Net-(D28-Pad2)"))
    (pad "" np_thru_hole circle (at 0 0 245) (size 3.98018 3.98018) (drill 3.98018) (layers *.Cu *.Mask))
    (pad "" np_thru_hole circle (at 2.54 -5.08 245) (size 2.95 2.95) (drill 2.95) (layers *.Cu *.Mask))
    (pad "" np_thru_hole circle (at -3.81 -2.54 245) (size 2.95 2.95) (drill 2.95) (layers *.Cu *.Mask))
    (pad 2 smd rect (at 6.09 -5.08 245) (size 2.55 2.5) (layers B.Cu B.Paste B.Mask)
      (net 56 /Row3))
    (pad "" np_thru_hole circle (at 3.81 -2.54 245) (size 2.95 2.95) (drill 2.95) (layers *.Cu *.Mask))
    (pad "" np_thru_hole circle (at -2.54 -5.08 245) (size 2.95 2.95) (drill 2.95) (layers *.Cu *.Mask))
    (pad 2 smd rect (at -6.09 -5.08 245) (size 2.55 2.5) (layers F.Cu F.Paste F.Mask)
      (net 56 /Row3))
    (pad 1 smd rect (at 7.36 -2.54 245) (size 2.55 2.5) (layers F.Cu F.Paste F.Mask)
      (net 36 "Net-(D28-Pad2)"))
    (model ${KIPRJMOD}/lib/mx1a.pretty/cherrymx.wrl
      (at (xyz 0 0 0))
      (scale (xyz 1 1 1))
      (rotate (xyz 0 0 0))
    )
  )

  (module keyboard_parts:Kailh_MX_Socket_reversible (layer F.Cu) (tedit 5A5EE62D) (tstamp 5BF3BA48)
    (at 124.8 139.82)
    (path /5BF07987)
    (fp_text reference K29 (at 0 9) (layer F.SilkS) hide
      (effects (font (size 1.524 1.524) (thickness 0.3048)))
    )
    (fp_text value KEYSW (at -5.08 -8.89) (layer F.SilkS) hide
      (effects (font (size 1.524 1.524) (thickness 0.3048)))
    )
    (fp_arc (start -0.865 -0.865) (end -2.54 -0.865) (angle 90) (layer B.SilkS) (width 0.15))
    (fp_line (start 0.865 -2.54) (end -4.865 -2.54) (layer F.SilkS) (width 0.15))
    (fp_line (start 6.135 -0.865) (end 2.54 -0.865) (layer F.SilkS) (width 0.15))
    (fp_line (start 6.135 -5.08) (end 6.135 -0.865) (layer F.SilkS) (width 0.15))
    (fp_arc (start -4.46 -5.08) (end -6.135 -5.08) (angle 90) (layer B.SilkS) (width 0.15))
    (fp_line (start -4.865 -6.75) (end -4.865 -2.54) (layer F.SilkS) (width 0.15))
    (fp_line (start 4.46 -6.755) (end -4.865 -6.755) (layer F.SilkS) (width 0.15))
    (fp_line (start -7.62 -5.62) (end -7.62 -7.62) (layer F.SilkS) (width 0.381))
    (fp_line (start -7.62 7.62) (end -5.62 7.62) (layer F.SilkS) (width 0.381))
    (fp_line (start 7.62 -7.62) (end 7.62 -5.62) (layer F.SilkS) (width 0.381))
    (fp_line (start -7.62 -7.62) (end -5.62 -7.62) (layer F.SilkS) (width 0.381))
    (fp_line (start -6.135 -0.865) (end -2.54 -0.865) (layer B.SilkS) (width 0.15))
    (fp_line (start -6.135 -5.08) (end -6.135 -0.865) (layer B.SilkS) (width 0.15))
    (fp_line (start 4.865 -6.75) (end 4.865 -2.54) (layer B.SilkS) (width 0.15))
    (fp_line (start -4.46 -6.755) (end 4.865 -6.755) (layer B.SilkS) (width 0.15))
    (fp_arc (start 4.46 -5.08) (end 4.46 -6.755) (angle 90) (layer F.SilkS) (width 0.15))
    (fp_arc (start 0.865 -0.865) (end 0.865 -2.54) (angle 90) (layer F.SilkS) (width 0.15))
    (fp_line (start -0.865 -2.54) (end 4.865 -2.54) (layer B.SilkS) (width 0.15))
    (fp_line (start 5.62 7.62) (end 7.62 7.62) (layer F.SilkS) (width 0.381))
    (fp_line (start 7.62 5.62) (end 7.62 7.62) (layer F.SilkS) (width 0.381))
    (fp_line (start 5.62 -7.62) (end 7.62 -7.62) (layer F.SilkS) (width 0.381))
    (fp_line (start -7.62 5.62) (end -7.62 7.62) (layer F.SilkS) (width 0.381))
    (pad 1 smd rect (at 7.36 -2.54) (size 2.55 2.5) (layers F.Cu F.Paste F.Mask)
      (net 37 "Net-(D29-Pad2)"))
    (pad 2 smd rect (at -6.09 -5.08) (size 2.55 2.5) (layers F.Cu F.Paste F.Mask)
      (net 57 /Row4))
    (pad "" np_thru_hole circle (at -2.54 -5.08) (size 2.95 2.95) (drill 2.95) (layers *.Cu *.Mask))
    (pad "" np_thru_hole circle (at 3.81 -2.54) (size 2.95 2.95) (drill 2.95) (layers *.Cu *.Mask))
    (pad 2 smd rect (at 6.09 -5.08) (size 2.55 2.5) (layers B.Cu B.Paste B.Mask)
      (net 57 /Row4))
    (pad "" np_thru_hole circle (at -3.81 -2.54) (size 2.95 2.95) (drill 2.95) (layers *.Cu *.Mask))
    (pad "" np_thru_hole circle (at 2.54 -5.08) (size 2.95 2.95) (drill 2.95) (layers *.Cu *.Mask))
    (pad "" np_thru_hole circle (at 0 0) (size 3.98018 3.98018) (drill 3.98018) (layers *.Cu *.Mask))
    (pad 1 smd rect (at -7.36 -2.54) (size 2.55 2.5) (layers B.Cu B.Paste B.Mask)
      (net 37 "Net-(D29-Pad2)"))
    (model ${KIPRJMOD}/lib/mx1a.pretty/cherrymx.wrl
      (at (xyz 0 0 0))
      (scale (xyz 1 1 1))
      (rotate (xyz 0 0 0))
    )
  )

  (module keyboard_parts:Kailh_MX_Socket_reversible (layer F.Cu) (tedit 5A5EE62D) (tstamp 5BF3BA26)
    (at 148.61 139.82)
    (path /5BF07980)
    (fp_text reference K30 (at 0 9) (layer F.SilkS) hide
      (effects (font (size 1.524 1.524) (thickness 0.3048)))
    )
    (fp_text value KEYSW (at -5.08 -8.89) (layer F.SilkS) hide
      (effects (font (size 1.524 1.524) (thickness 0.3048)))
    )
    (fp_line (start -7.62 5.62) (end -7.62 7.62) (layer F.SilkS) (width 0.381))
    (fp_line (start 5.62 -7.62) (end 7.62 -7.62) (layer F.SilkS) (width 0.381))
    (fp_line (start 7.62 5.62) (end 7.62 7.62) (layer F.SilkS) (width 0.381))
    (fp_line (start 5.62 7.62) (end 7.62 7.62) (layer F.SilkS) (width 0.381))
    (fp_line (start -0.865 -2.54) (end 4.865 -2.54) (layer B.SilkS) (width 0.15))
    (fp_arc (start 0.865 -0.865) (end 0.865 -2.54) (angle 90) (layer F.SilkS) (width 0.15))
    (fp_arc (start 4.46 -5.08) (end 4.46 -6.755) (angle 90) (layer F.SilkS) (width 0.15))
    (fp_line (start -4.46 -6.755) (end 4.865 -6.755) (layer B.SilkS) (width 0.15))
    (fp_line (start 4.865 -6.75) (end 4.865 -2.54) (layer B.SilkS) (width 0.15))
    (fp_line (start -6.135 -5.08) (end -6.135 -0.865) (layer B.SilkS) (width 0.15))
    (fp_line (start -6.135 -0.865) (end -2.54 -0.865) (layer B.SilkS) (width 0.15))
    (fp_line (start -7.62 -7.62) (end -5.62 -7.62) (layer F.SilkS) (width 0.381))
    (fp_line (start 7.62 -7.62) (end 7.62 -5.62) (layer F.SilkS) (width 0.381))
    (fp_line (start -7.62 7.62) (end -5.62 7.62) (layer F.SilkS) (width 0.381))
    (fp_line (start -7.62 -5.62) (end -7.62 -7.62) (layer F.SilkS) (width 0.381))
    (fp_line (start 4.46 -6.755) (end -4.865 -6.755) (layer F.SilkS) (width 0.15))
    (fp_line (start -4.865 -6.75) (end -4.865 -2.54) (layer F.SilkS) (width 0.15))
    (fp_arc (start -4.46 -5.08) (end -6.135 -5.08) (angle 90) (layer B.SilkS) (width 0.15))
    (fp_line (start 6.135 -5.08) (end 6.135 -0.865) (layer F.SilkS) (width 0.15))
    (fp_line (start 6.135 -0.865) (end 2.54 -0.865) (layer F.SilkS) (width 0.15))
    (fp_line (start 0.865 -2.54) (end -4.865 -2.54) (layer F.SilkS) (width 0.15))
    (fp_arc (start -0.865 -0.865) (end -2.54 -0.865) (angle 90) (layer B.SilkS) (width 0.15))
    (pad 1 smd rect (at -7.36 -2.54) (size 2.55 2.5) (layers B.Cu B.Paste B.Mask)
      (net 38 "Net-(D30-Pad2)"))
    (pad "" np_thru_hole circle (at 0 0) (size 3.98018 3.98018) (drill 3.98018) (layers *.Cu *.Mask))
    (pad "" np_thru_hole circle (at 2.54 -5.08) (size 2.95 2.95) (drill 2.95) (layers *.Cu *.Mask))
    (pad "" np_thru_hole circle (at -3.81 -2.54) (size 2.95 2.95) (drill 2.95) (layers *.Cu *.Mask))
    (pad 2 smd rect (at 6.09 -5.08) (size 2.55 2.5) (layers B.Cu B.Paste B.Mask)
      (net 57 /Row4))
    (pad "" np_thru_hole circle (at 3.81 -2.54) (size 2.95 2.95) (drill 2.95) (layers *.Cu *.Mask))
    (pad "" np_thru_hole circle (at -2.54 -5.08) (size 2.95 2.95) (drill 2.95) (layers *.Cu *.Mask))
    (pad 2 smd rect (at -6.09 -5.08) (size 2.55 2.5) (layers F.Cu F.Paste F.Mask)
      (net 57 /Row4))
    (pad 1 smd rect (at 7.36 -2.54) (size 2.55 2.5) (layers F.Cu F.Paste F.Mask)
      (net 38 "Net-(D30-Pad2)"))
    (model ${KIPRJMOD}/lib/mx1a.pretty/cherrymx.wrl
      (at (xyz 0 0 0))
      (scale (xyz 1 1 1))
      (rotate (xyz 0 0 0))
    )
  )

  (module keyboard_parts:Kailh_MX_Socket_reversible (layer F.Cu) (tedit 5A5EE62D) (tstamp 5BF3BA04)
    (at 167.66 136.64)
    (path /5BF0798E)
    (fp_text reference K31 (at 0 9) (layer F.SilkS) hide
      (effects (font (size 1.524 1.524) (thickness 0.3048)))
    )
    (fp_text value KEYSW (at -5.08 -8.89) (layer F.SilkS) hide
      (effects (font (size 1.524 1.524) (thickness 0.3048)))
    )
    (fp_arc (start -0.865 -0.865) (end -2.54 -0.865) (angle 90) (layer B.SilkS) (width 0.15))
    (fp_line (start 0.865 -2.54) (end -4.865 -2.54) (layer F.SilkS) (width 0.15))
    (fp_line (start 6.135 -0.865) (end 2.54 -0.865) (layer F.SilkS) (width 0.15))
    (fp_line (start 6.135 -5.08) (end 6.135 -0.865) (layer F.SilkS) (width 0.15))
    (fp_arc (start -4.46 -5.08) (end -6.135 -5.08) (angle 90) (layer B.SilkS) (width 0.15))
    (fp_line (start -4.865 -6.75) (end -4.865 -2.54) (layer F.SilkS) (width 0.15))
    (fp_line (start 4.46 -6.755) (end -4.865 -6.755) (layer F.SilkS) (width 0.15))
    (fp_line (start -7.62 -5.62) (end -7.62 -7.62) (layer F.SilkS) (width 0.381))
    (fp_line (start -7.62 7.62) (end -5.62 7.62) (layer F.SilkS) (width 0.381))
    (fp_line (start 7.62 -7.62) (end 7.62 -5.62) (layer F.SilkS) (width 0.381))
    (fp_line (start -7.62 -7.62) (end -5.62 -7.62) (layer F.SilkS) (width 0.381))
    (fp_line (start -6.135 -0.865) (end -2.54 -0.865) (layer B.SilkS) (width 0.15))
    (fp_line (start -6.135 -5.08) (end -6.135 -0.865) (layer B.SilkS) (width 0.15))
    (fp_line (start 4.865 -6.75) (end 4.865 -2.54) (layer B.SilkS) (width 0.15))
    (fp_line (start -4.46 -6.755) (end 4.865 -6.755) (layer B.SilkS) (width 0.15))
    (fp_arc (start 4.46 -5.08) (end 4.46 -6.755) (angle 90) (layer F.SilkS) (width 0.15))
    (fp_arc (start 0.865 -0.865) (end 0.865 -2.54) (angle 90) (layer F.SilkS) (width 0.15))
    (fp_line (start -0.865 -2.54) (end 4.865 -2.54) (layer B.SilkS) (width 0.15))
    (fp_line (start 5.62 7.62) (end 7.62 7.62) (layer F.SilkS) (width 0.381))
    (fp_line (start 7.62 5.62) (end 7.62 7.62) (layer F.SilkS) (width 0.381))
    (fp_line (start 5.62 -7.62) (end 7.62 -7.62) (layer F.SilkS) (width 0.381))
    (fp_line (start -7.62 5.62) (end -7.62 7.62) (layer F.SilkS) (width 0.381))
    (pad 1 smd rect (at 7.36 -2.54) (size 2.55 2.5) (layers F.Cu F.Paste F.Mask)
      (net 39 "Net-(D31-Pad2)"))
    (pad 2 smd rect (at -6.09 -5.08) (size 2.55 2.5) (layers F.Cu F.Paste F.Mask)
      (net 57 /Row4))
    (pad "" np_thru_hole circle (at -2.54 -5.08) (size 2.95 2.95) (drill 2.95) (layers *.Cu *.Mask))
    (pad "" np_thru_hole circle (at 3.81 -2.54) (size 2.95 2.95) (drill 2.95) (layers *.Cu *.Mask))
    (pad 2 smd rect (at 6.09 -5.08) (size 2.55 2.5) (layers B.Cu B.Paste B.Mask)
      (net 57 /Row4))
    (pad "" np_thru_hole circle (at -3.81 -2.54) (size 2.95 2.95) (drill 2.95) (layers *.Cu *.Mask))
    (pad "" np_thru_hole circle (at 2.54 -5.08) (size 2.95 2.95) (drill 2.95) (layers *.Cu *.Mask))
    (pad "" np_thru_hole circle (at 0 0) (size 3.98018 3.98018) (drill 3.98018) (layers *.Cu *.Mask))
    (pad 1 smd rect (at -7.36 -2.54) (size 2.55 2.5) (layers B.Cu B.Paste B.Mask)
      (net 39 "Net-(D31-Pad2)"))
    (model ${KIPRJMOD}/lib/mx1a.pretty/cherrymx.wrl
      (at (xyz 0 0 0))
      (scale (xyz 1 1 1))
      (rotate (xyz 0 0 0))
    )
  )

  (module keyboard_parts:Kailh_MX_Socket_reversible (layer F.Cu) (tedit 5A5EE62D) (tstamp 5BF3B9E2)
    (at 186.71 135.03)
    (path /5BF07995)
    (fp_text reference K32 (at 0 9) (layer F.SilkS) hide
      (effects (font (size 1.524 1.524) (thickness 0.3048)))
    )
    (fp_text value KEYSW (at -5.08 -8.89) (layer F.SilkS) hide
      (effects (font (size 1.524 1.524) (thickness 0.3048)))
    )
    (fp_line (start -7.62 5.62) (end -7.62 7.62) (layer F.SilkS) (width 0.381))
    (fp_line (start 5.62 -7.62) (end 7.62 -7.62) (layer F.SilkS) (width 0.381))
    (fp_line (start 7.62 5.62) (end 7.62 7.62) (layer F.SilkS) (width 0.381))
    (fp_line (start 5.62 7.62) (end 7.62 7.62) (layer F.SilkS) (width 0.381))
    (fp_line (start -0.865 -2.54) (end 4.865 -2.54) (layer B.SilkS) (width 0.15))
    (fp_arc (start 0.865 -0.865) (end 0.865 -2.54) (angle 90) (layer F.SilkS) (width 0.15))
    (fp_arc (start 4.46 -5.08) (end 4.46 -6.755) (angle 90) (layer F.SilkS) (width 0.15))
    (fp_line (start -4.46 -6.755) (end 4.865 -6.755) (layer B.SilkS) (width 0.15))
    (fp_line (start 4.865 -6.75) (end 4.865 -2.54) (layer B.SilkS) (width 0.15))
    (fp_line (start -6.135 -5.08) (end -6.135 -0.865) (layer B.SilkS) (width 0.15))
    (fp_line (start -6.135 -0.865) (end -2.54 -0.865) (layer B.SilkS) (width 0.15))
    (fp_line (start -7.62 -7.62) (end -5.62 -7.62) (layer F.SilkS) (width 0.381))
    (fp_line (start 7.62 -7.62) (end 7.62 -5.62) (layer F.SilkS) (width 0.381))
    (fp_line (start -7.62 7.62) (end -5.62 7.62) (layer F.SilkS) (width 0.381))
    (fp_line (start -7.62 -5.62) (end -7.62 -7.62) (layer F.SilkS) (width 0.381))
    (fp_line (start 4.46 -6.755) (end -4.865 -6.755) (layer F.SilkS) (width 0.15))
    (fp_line (start -4.865 -6.75) (end -4.865 -2.54) (layer F.SilkS) (width 0.15))
    (fp_arc (start -4.46 -5.08) (end -6.135 -5.08) (angle 90) (layer B.SilkS) (width 0.15))
    (fp_line (start 6.135 -5.08) (end 6.135 -0.865) (layer F.SilkS) (width 0.15))
    (fp_line (start 6.135 -0.865) (end 2.54 -0.865) (layer F.SilkS) (width 0.15))
    (fp_line (start 0.865 -2.54) (end -4.865 -2.54) (layer F.SilkS) (width 0.15))
    (fp_arc (start -0.865 -0.865) (end -2.54 -0.865) (angle 90) (layer B.SilkS) (width 0.15))
    (pad 1 smd rect (at -7.36 -2.54) (size 2.55 2.5) (layers B.Cu B.Paste B.Mask)
      (net 40 "Net-(D32-Pad2)"))
    (pad "" np_thru_hole circle (at 0 0) (size 3.98018 3.98018) (drill 3.98018) (layers *.Cu *.Mask))
    (pad "" np_thru_hole circle (at 2.54 -5.08) (size 2.95 2.95) (drill 2.95) (layers *.Cu *.Mask))
    (pad "" np_thru_hole circle (at -3.81 -2.54) (size 2.95 2.95) (drill 2.95) (layers *.Cu *.Mask))
    (pad 2 smd rect (at 6.09 -5.08) (size 2.55 2.5) (layers B.Cu B.Paste B.Mask)
      (net 57 /Row4))
    (pad "" np_thru_hole circle (at 3.81 -2.54) (size 2.95 2.95) (drill 2.95) (layers *.Cu *.Mask))
    (pad "" np_thru_hole circle (at -2.54 -5.08) (size 2.95 2.95) (drill 2.95) (layers *.Cu *.Mask))
    (pad 2 smd rect (at -6.09 -5.08) (size 2.55 2.5) (layers F.Cu F.Paste F.Mask)
      (net 57 /Row4))
    (pad 1 smd rect (at 7.36 -2.54) (size 2.55 2.5) (layers F.Cu F.Paste F.Mask)
      (net 40 "Net-(D32-Pad2)"))
    (model ${KIPRJMOD}/lib/mx1a.pretty/cherrymx.wrl
      (at (xyz 0 0 0))
      (scale (xyz 1 1 1))
      (rotate (xyz 0 0 0))
    )
  )

  (module keyboard_parts:Kailh_MX_Socket_reversible (layer F.Cu) (tedit 5A5EE62D) (tstamp 5BF3B9C0)
    (at 205.76 136.61)
    (path /5BF0799C)
    (fp_text reference K33 (at 0 9) (layer F.SilkS) hide
      (effects (font (size 1.524 1.524) (thickness 0.3048)))
    )
    (fp_text value KEYSW (at -5.08 -8.89) (layer F.SilkS) hide
      (effects (font (size 1.524 1.524) (thickness 0.3048)))
    )
    (fp_arc (start -0.865 -0.865) (end -2.54 -0.865) (angle 90) (layer B.SilkS) (width 0.15))
    (fp_line (start 0.865 -2.54) (end -4.865 -2.54) (layer F.SilkS) (width 0.15))
    (fp_line (start 6.135 -0.865) (end 2.54 -0.865) (layer F.SilkS) (width 0.15))
    (fp_line (start 6.135 -5.08) (end 6.135 -0.865) (layer F.SilkS) (width 0.15))
    (fp_arc (start -4.46 -5.08) (end -6.135 -5.08) (angle 90) (layer B.SilkS) (width 0.15))
    (fp_line (start -4.865 -6.75) (end -4.865 -2.54) (layer F.SilkS) (width 0.15))
    (fp_line (start 4.46 -6.755) (end -4.865 -6.755) (layer F.SilkS) (width 0.15))
    (fp_line (start -7.62 -5.62) (end -7.62 -7.62) (layer F.SilkS) (width 0.381))
    (fp_line (start -7.62 7.62) (end -5.62 7.62) (layer F.SilkS) (width 0.381))
    (fp_line (start 7.62 -7.62) (end 7.62 -5.62) (layer F.SilkS) (width 0.381))
    (fp_line (start -7.62 -7.62) (end -5.62 -7.62) (layer F.SilkS) (width 0.381))
    (fp_line (start -6.135 -0.865) (end -2.54 -0.865) (layer B.SilkS) (width 0.15))
    (fp_line (start -6.135 -5.08) (end -6.135 -0.865) (layer B.SilkS) (width 0.15))
    (fp_line (start 4.865 -6.75) (end 4.865 -2.54) (layer B.SilkS) (width 0.15))
    (fp_line (start -4.46 -6.755) (end 4.865 -6.755) (layer B.SilkS) (width 0.15))
    (fp_arc (start 4.46 -5.08) (end 4.46 -6.755) (angle 90) (layer F.SilkS) (width 0.15))
    (fp_arc (start 0.865 -0.865) (end 0.865 -2.54) (angle 90) (layer F.SilkS) (width 0.15))
    (fp_line (start -0.865 -2.54) (end 4.865 -2.54) (layer B.SilkS) (width 0.15))
    (fp_line (start 5.62 7.62) (end 7.62 7.62) (layer F.SilkS) (width 0.381))
    (fp_line (start 7.62 5.62) (end 7.62 7.62) (layer F.SilkS) (width 0.381))
    (fp_line (start 5.62 -7.62) (end 7.62 -7.62) (layer F.SilkS) (width 0.381))
    (fp_line (start -7.62 5.62) (end -7.62 7.62) (layer F.SilkS) (width 0.381))
    (pad 1 smd rect (at 7.36 -2.54) (size 2.55 2.5) (layers F.Cu F.Paste F.Mask)
      (net 41 "Net-(D33-Pad2)"))
    (pad 2 smd rect (at -6.09 -5.08) (size 2.55 2.5) (layers F.Cu F.Paste F.Mask)
      (net 57 /Row4))
    (pad "" np_thru_hole circle (at -2.54 -5.08) (size 2.95 2.95) (drill 2.95) (layers *.Cu *.Mask))
    (pad "" np_thru_hole circle (at 3.81 -2.54) (size 2.95 2.95) (drill 2.95) (layers *.Cu *.Mask))
    (pad 2 smd rect (at 6.09 -5.08) (size 2.55 2.5) (layers B.Cu B.Paste B.Mask)
      (net 57 /Row4))
    (pad "" np_thru_hole circle (at -3.81 -2.54) (size 2.95 2.95) (drill 2.95) (layers *.Cu *.Mask))
    (pad "" np_thru_hole circle (at 2.54 -5.08) (size 2.95 2.95) (drill 2.95) (layers *.Cu *.Mask))
    (pad "" np_thru_hole circle (at 0 0) (size 3.98018 3.98018) (drill 3.98018) (layers *.Cu *.Mask))
    (pad 1 smd rect (at -7.36 -2.54) (size 2.55 2.5) (layers B.Cu B.Paste B.Mask)
      (net 41 "Net-(D33-Pad2)"))
    (model ${KIPRJMOD}/lib/mx1a.pretty/cherrymx.wrl
      (at (xyz 0 0 0))
      (scale (xyz 1 1 1))
      (rotate (xyz 0 0 0))
    )
  )

  (module keyboard_parts:Kailh_MX_Socket_reversible (layer F.Cu) (tedit 5A5EE62D) (tstamp 5BF3B99E)
    (at 167.66 117.59024)
    (path /5BF01112)
    (fp_text reference K23 (at 0 9) (layer F.SilkS) hide
      (effects (font (size 1.524 1.524) (thickness 0.3048)))
    )
    (fp_text value KEYSW (at -5.08 -8.89) (layer F.SilkS) hide
      (effects (font (size 1.524 1.524) (thickness 0.3048)))
    )
    (fp_line (start -7.62 5.62) (end -7.62 7.62) (layer F.SilkS) (width 0.381))
    (fp_line (start 5.62 -7.62) (end 7.62 -7.62) (layer F.SilkS) (width 0.381))
    (fp_line (start 7.62 5.62) (end 7.62 7.62) (layer F.SilkS) (width 0.381))
    (fp_line (start 5.62 7.62) (end 7.62 7.62) (layer F.SilkS) (width 0.381))
    (fp_line (start -0.865 -2.54) (end 4.865 -2.54) (layer B.SilkS) (width 0.15))
    (fp_arc (start 0.865 -0.865) (end 0.865 -2.54) (angle 90) (layer F.SilkS) (width 0.15))
    (fp_arc (start 4.46 -5.08) (end 4.46 -6.755) (angle 90) (layer F.SilkS) (width 0.15))
    (fp_line (start -4.46 -6.755) (end 4.865 -6.755) (layer B.SilkS) (width 0.15))
    (fp_line (start 4.865 -6.75) (end 4.865 -2.54) (layer B.SilkS) (width 0.15))
    (fp_line (start -6.135 -5.08) (end -6.135 -0.865) (layer B.SilkS) (width 0.15))
    (fp_line (start -6.135 -0.865) (end -2.54 -0.865) (layer B.SilkS) (width 0.15))
    (fp_line (start -7.62 -7.62) (end -5.62 -7.62) (layer F.SilkS) (width 0.381))
    (fp_line (start 7.62 -7.62) (end 7.62 -5.62) (layer F.SilkS) (width 0.381))
    (fp_line (start -7.62 7.62) (end -5.62 7.62) (layer F.SilkS) (width 0.381))
    (fp_line (start -7.62 -5.62) (end -7.62 -7.62) (layer F.SilkS) (width 0.381))
    (fp_line (start 4.46 -6.755) (end -4.865 -6.755) (layer F.SilkS) (width 0.15))
    (fp_line (start -4.865 -6.75) (end -4.865 -2.54) (layer F.SilkS) (width 0.15))
    (fp_arc (start -4.46 -5.08) (end -6.135 -5.08) (angle 90) (layer B.SilkS) (width 0.15))
    (fp_line (start 6.135 -5.08) (end 6.135 -0.865) (layer F.SilkS) (width 0.15))
    (fp_line (start 6.135 -0.865) (end 2.54 -0.865) (layer F.SilkS) (width 0.15))
    (fp_line (start 0.865 -2.54) (end -4.865 -2.54) (layer F.SilkS) (width 0.15))
    (fp_arc (start -0.865 -0.865) (end -2.54 -0.865) (angle 90) (layer B.SilkS) (width 0.15))
